chr	rs	ps	n_miss	allele1	allele0	af	beta	se	logl_H1	l_remle	l_mle	p_wald	p_lrt	p_score
26	COG1921	1	0	2	1	0.054	-5.993854e-02	3.858668e-02	3.847864e+01	1.000000e-05	1.000000e-05	1.222445e-01	8.620271e-02	8.920727e-02
26	COG1922	2	0	2	1	0.054	2.106230e-02	4.059418e-02	3.717197e+01	1.000000e-05	1.000000e-05	6.045562e-01	5.653278e-01	5.662634e-01
26	COG1923	3	0	2	1	0.054	-1.464804e-02	3.609629e-02	3.710783e+01	1.000000e-05	1.000000e-05	6.854089e-01	6.528914e-01	6.535584e-01
26	COG1924	4	0	2	1	0.064	-4.298139e-03	3.901022e-02	3.701415e+01	1.000000e-05	1.000000e-05	9.123998e-01	9.027887e-01	9.029382e-01
26	COG1925	5	0	2	1	0.064	-2.769909e-02	4.033366e-02	3.729607e+01	1.000000e-05	1.000000e-05	4.931993e-01	4.467972e-01	4.481978e-01
26	COG1926	6	0	2	1	0.078	-2.205474e-02	3.422734e-02	3.726149e+01	1.000000e-05	1.000000e-05	5.202313e-01	4.753083e-01	4.765857e-01
26	COG1927	7	0	2	1	0.078	1.687816e-02	3.483248e-02	3.715086e+01	1.000000e-05	1.000000e-05	6.286327e-01	5.912899e-01	5.921396e-01
26	COG1928	8	0	2	1	0.088	-1.296778e-02	3.138869e-02	3.711151e+01	1.000000e-05	1.000000e-05	6.800407e-01	6.470462e-01	6.477293e-01
26	COG1929	9	0	2	1	0.088	-1.296778e-02	3.138869e-02	3.711151e+01	1.000000e-05	1.000000e-05	6.800407e-01	6.470462e-01	6.477293e-01
26	COG1930	10	0	2	1	0.088	2.001451e-02	3.066274e-02	3.726815e+01	1.000000e-05	1.000000e-05	5.148329e-01	4.695997e-01	4.709012e-01
26	COG1931	11	0	2	1	0.088	-1.296778e-02	3.138869e-02	3.711151e+01	1.000000e-05	1.000000e-05	6.800407e-01	6.470462e-01	6.477293e-01
26	COG1932	12	0	2	1	0.088	-4.844438e-03	3.249105e-02	3.702035e+01	1.000000e-05	1.000000e-05	8.816552e-01	8.687219e-01	8.689273e-01
26	COG1933	13	0	2	1	0.088	-1.296778e-02	3.138869e-02	3.711151e+01	1.000000e-05	1.000000e-05	6.800407e-01	6.470462e-01	6.477293e-01
26	COG1934	14	0	2	1	0.088	-1.296778e-02	3.138869e-02	3.711151e+01	1.000000e-05	1.000000e-05	6.800407e-01	6.470462e-01	6.477293e-01
26	COG1935	15	0	2	1	0.088	-1.296778e-02	3.138869e-02	3.711151e+01	1.000000e-05	1.000000e-05	6.800407e-01	6.470462e-01	6.477293e-01
26	COG1936	16	0	2	1	0.088	-1.296778e-02	3.138869e-02	3.711151e+01	1.000000e-05	1.000000e-05	6.800407e-01	6.470462e-01	6.477293e-01
26	COG1937	17	0	2	1	0.088	-1.296778e-02	3.138869e-02	3.711151e+01	1.000000e-05	1.000000e-05	6.800407e-01	6.470462e-01	6.477293e-01
26	COG1938	18	0	2	1	0.088	-1.296778e-02	3.138869e-02	3.711151e+01	1.000000e-05	1.000000e-05	6.800407e-01	6.470462e-01	6.477293e-01
26	COG1939	19	0	2	1	0.088	-1.296778e-02	3.138869e-02	3.711151e+01	1.000000e-05	1.000000e-05	6.800407e-01	6.470462e-01	6.477293e-01
26	COG1940	20	0	2	1	0.093	-1.805364e-02	3.076910e-02	3.721801e+01	1.000000e-05	1.000000e-05	5.581715e-01	5.156220e-01	5.167375e-01
26	COG1941	21	0	2	1	0.103	-2.363622e-02	2.896835e-02	3.741494e+01	1.000000e-05	1.000000e-05	4.157079e-01	3.662026e-01	3.679901e-01
26	COG1942	22	0	2	1	0.127	3.144426e-02	2.679423e-02	3.784943e+01	1.000000e-05	1.000000e-05	2.422580e-01	1.941962e-01	1.969161e-01
26	COG1943	23	0	2	1	0.147	2.100029e-02	2.397299e-02	3.747712e+01	1.000000e-05	1.000000e-05	3.822970e-01	3.320560e-01	3.340227e-01
26	COG1944	24	0	2	1	0.152	6.743092e-03	2.687847e-02	3.704535e+01	1.000000e-05	1.000000e-05	8.022223e-01	7.809486e-01	7.813149e-01
26	COG1945	25	0	2	1	0.157	1.005637e-02	2.465414e-02	3.710887e+01	1.000000e-05	1.000000e-05	6.838742e-01	6.512200e-01	6.518915e-01
26	COG1946	26	0	2	1	0.157	1.005637e-02	2.465414e-02	3.710887e+01	1.000000e-05	1.000000e-05	6.838742e-01	6.512200e-01	6.518915e-01
26	COG1947	27	0	2	1	0.176	5.011727e-03	2.224258e-02	3.703788e+01	1.000000e-05	1.000000e-05	8.220065e-01	8.027698e-01	8.030933e-01
26	COG1948	28	0	2	1	0.176	3.635004e-04	2.417755e-02	3.700683e+01	1.000000e-05	1.000000e-05	9.880226e-01	9.867024e-01	9.867224e-01
26	COG1949	29	0	2	1	0.191	-2.157099e-02	2.571207e-02	3.743825e+01	1.000000e-05	1.000000e-05	4.027071e-01	3.528682e-01	3.547247e-01
26	COG1950	30	0	2	1	0.211	-6.733336e-03	2.294609e-02	3.705958e+01	1.000000e-05	1.000000e-05	7.695512e-01	7.449868e-01	7.454282e-01
26	COG1951	31	0	2	1	0.240	1.371920e-02	2.439664e-02	3.720081e+01	1.000000e-05	1.000000e-05	5.746431e-01	5.332231e-01	5.342725e-01
26	COG1952	32	0	2	1	0.240	1.371920e-02	2.439664e-02	3.720081e+01	1.000000e-05	1.000000e-05	5.746431e-01	5.332231e-01	5.342725e-01
26	COG1953	33	0	2	1	0.240	1.371920e-02	2.439664e-02	3.720081e+01	1.000000e-05	1.000000e-05	5.746431e-01	5.332231e-01	5.342725e-01
26	COG1954	34	0	2	1	0.240	1.371920e-02	2.439664e-02	3.720081e+01	1.000000e-05	1.000000e-05	5.746431e-01	5.332231e-01	5.342725e-01
26	COG1955	35	0	2	1	0.240	1.371920e-02	2.439664e-02	3.720081e+01	1.000000e-05	1.000000e-05	5.746431e-01	5.332231e-01	5.342725e-01
26	COG1956	36	0	2	1	0.245	2.049411e-02	2.339362e-02	3.747718e+01	1.000000e-05	1.000000e-05	3.822658e-01	3.320244e-01	3.339913e-01
26	COG1957	37	0	2	1	0.245	1.099311e-02	2.474872e-02	3.712785e+01	1.000000e-05	1.000000e-05	6.574844e-01	6.225313e-01	6.232848e-01
26	COG1958	38	0	2	1	0.245	1.099311e-02	2.474872e-02	3.712785e+01	1.000000e-05	1.000000e-05	6.574844e-01	6.225313e-01	6.232848e-01
26	COG1959	39	0	2	1	0.245	1.099311e-02	2.474872e-02	3.712785e+01	1.000000e-05	1.000000e-05	6.574844e-01	6.225313e-01	6.232848e-01
26	COG1960	40	0	2	1	0.250	-1.653071e-03	2.083958e-02	3.701055e+01	1.000000e-05	1.000000e-05	9.368708e-01	9.299287e-01	9.300354e-01
26	COG1961	41	0	2	1	0.265	-3.308302e-02	2.674757e-02	3.794240e+01	1.000000e-05	1.000000e-05	2.178857e-01	1.713130e-01	1.741424e-01
26	COG1962	42	0	2	1	0.270	8.556740e-03	2.326882e-02	3.708975e+01	1.000000e-05	1.000000e-05	7.135399e-01	6.835864e-01	6.841723e-01
26	COG1963	43	0	2	1	0.284	-2.114363e-02	1.914768e-02	3.775319e+01	1.000000e-05	1.000000e-05	2.710871e-01	2.217521e-01	2.243276e-01
26	COG1964	44	0	2	1	0.319	1.457361e-03	3.146081e-02	3.700801e+01	1.000000e-05	1.000000e-05	9.631084e-01	9.590451e-01	9.591070e-01
26	COG1965	45	0	2	1	0.324	3.981933e-03	2.377026e-02	3.702393e+01	1.000000e-05	1.000000e-05	8.671668e-01	8.526831e-01	8.529160e-01
26	COG1966	46	0	2	1	0.328	4.991624e-03	2.249933e-02	3.703693e+01	1.000000e-05	1.000000e-05	8.246982e-01	8.057410e-01	8.060589e-01
26	COG1967	47	0	2	1	0.328	4.991624e-03	2.249933e-02	3.703693e+01	1.000000e-05	1.000000e-05	8.246982e-01	8.057410e-01	8.060589e-01
26	COG1968	48	0	2	1	0.328	4.991624e-03	2.249933e-02	3.703693e+01	1.000000e-05	1.000000e-05	8.246982e-01	8.057410e-01	8.060589e-01
26	COG1969	49	0	2	1	0.328	4.991624e-03	2.249933e-02	3.703693e+01	1.000000e-05	1.000000e-05	8.246982e-01	8.057410e-01	8.060589e-01
26	COG1970	50	0	2	1	0.328	4.991624e-03	2.249933e-02	3.703693e+01	1.000000e-05	1.000000e-05	8.246982e-01	8.057410e-01	8.060589e-01
26	COG1971	51	0	2	1	0.328	4.991624e-03	2.249933e-02	3.703693e+01	1.000000e-05	1.000000e-05	8.246982e-01	8.057410e-01	8.060589e-01
26	COG1972	52	0	2	1	0.333	2.468237e-02	1.907126e-02	3.803075e+01	1.000000e-05	1.000000e-05	1.973876e-01	1.523944e-01	1.553026e-01
26	COG1973	53	0	2	1	0.333	2.534094e-03	2.302824e-02	3.701413e+01	1.000000e-05	1.000000e-05	9.125083e-01	9.029090e-01	9.030583e-01
26	COG1974	54	0	2	1	0.333	2.534094e-03	2.302824e-02	3.701413e+01	1.000000e-05	1.000000e-05	9.125083e-01	9.029090e-01	9.030583e-01
26	COG1975	55	0	2	1	0.333	2.534094e-03	2.302824e-02	3.701413e+01	1.000000e-05	1.000000e-05	9.125083e-01	9.029090e-01	9.030583e-01
26	COG1976	56	0	2	1	0.333	2.534094e-03	2.302824e-02	3.701413e+01	1.000000e-05	1.000000e-05	9.125083e-01	9.029090e-01	9.030583e-01
26	COG1977	57	0	2	1	0.333	2.534094e-03	2.302824e-02	3.701413e+01	1.000000e-05	1.000000e-05	9.125083e-01	9.029090e-01	9.030583e-01
26	COG1978	58	0	2	1	0.333	2.534094e-03	2.302824e-02	3.701413e+01	1.000000e-05	1.000000e-05	9.125083e-01	9.029090e-01	9.030583e-01
26	COG1979	59	0	2	1	0.333	2.534094e-03	2.302824e-02	3.701413e+01	1.000000e-05	1.000000e-05	9.125083e-01	9.029090e-01	9.030583e-01
26	COG1980	60	0	2	1	0.333	2.534094e-03	2.302824e-02	3.701413e+01	1.000000e-05	1.000000e-05	9.125083e-01	9.029090e-01	9.030583e-01
26	COG1981	61	0	2	1	0.333	2.534094e-03	2.302824e-02	3.701413e+01	1.000000e-05	1.000000e-05	9.125083e-01	9.029090e-01	9.030583e-01
26	COG1982	62	0	2	1	0.333	2.534094e-03	2.302824e-02	3.701413e+01	1.000000e-05	1.000000e-05	9.125083e-01	9.029090e-01	9.030583e-01
26	COG1983	63	0	2	1	0.333	2.534094e-03	2.302824e-02	3.701413e+01	1.000000e-05	1.000000e-05	9.125083e-01	9.029090e-01	9.030583e-01
26	COG1984	64	0	2	1	0.333	2.534094e-03	2.302824e-02	3.701413e+01	1.000000e-05	1.000000e-05	9.125083e-01	9.029090e-01	9.030583e-01
26	COG1985	65	0	2	1	0.333	2.534094e-03	2.302824e-02	3.701413e+01	1.000000e-05	1.000000e-05	9.125083e-01	9.029090e-01	9.030583e-01
26	COG1986	66	0	2	1	0.333	2.534094e-03	2.302824e-02	3.701413e+01	1.000000e-05	1.000000e-05	9.125083e-01	9.029090e-01	9.030583e-01
26	COG1987	67	0	2	1	0.333	2.534094e-03	2.302824e-02	3.701413e+01	1.000000e-05	1.000000e-05	9.125083e-01	9.029090e-01	9.030583e-01
26	COG1988	68	0	2	1	0.333	2.534094e-03	2.302824e-02	3.701413e+01	1.000000e-05	1.000000e-05	9.125083e-01	9.029090e-01	9.030583e-01
26	COG1989	69	0	2	1	0.333	2.534094e-03	2.302824e-02	3.701413e+01	1.000000e-05	1.000000e-05	9.125083e-01	9.029090e-01	9.030583e-01
26	COG1990	70	0	2	1	0.338	2.534094e-03	2.302824e-02	3.701413e+01	1.000000e-05	1.000000e-05	9.125083e-01	9.029090e-01	9.030583e-01
26	COG1991	71	0	2	1	0.338	-1.555823e-02	2.040777e-02	3.736319e+01	1.000000e-05	1.000000e-05	4.469222e-01	3.984481e-01	4.000742e-01
26	COG1992	72	0	2	1	0.343	3.158674e-03	2.254113e-02	3.701875e+01	1.000000e-05	1.000000e-05	8.887277e-01	8.765549e-01	8.767473e-01
26	COG1993	73	0	2	1	0.348	9.013692e-03	2.206575e-02	3.710917e+01	1.000000e-05	1.000000e-05	6.834386e-01	6.507456e-01	6.514185e-01
26	COG1994	74	0	2	1	0.348	2.010786e-02	2.137432e-02	3.754904e+01	1.000000e-05	1.000000e-05	3.482007e-01	2.976461e-01	2.998006e-01
26	COG1995	75	0	2	1	0.368	-4.029281e-02	2.440702e-02	3.866771e+01	1.000000e-05	1.000000e-05	1.006559e-01	6.835642e-02	7.128962e-02
26	COG1996	76	0	2	1	0.407	-6.773423e-03	2.146747e-02	3.706784e+01	1.000000e-05	1.000000e-05	7.527629e-01	7.265471e-01	7.270296e-01
26	COG1997	77	0	2	1	0.407	-2.346917e-02	1.836618e-02	3.800513e+01	1.000000e-05	1.000000e-05	2.030875e-01	1.576232e-01	1.605110e-01
26	COG1998	78	0	2	1	0.412	5.670854e-04	2.060170e-02	3.700715e+01	1.000000e-05	1.000000e-05	9.780732e-01	9.756567e-01	9.756934e-01
26	COG1999	79	0	2	1	0.461	-2.046405e-02	1.728374e-02	3.786446e+01	1.000000e-05	1.000000e-05	2.381033e-01	1.902673e-01	1.930069e-01
26	COG2000	80	0	2	1	0.475	3.969331e-03	2.316096e-02	3.702473e+01	1.000000e-05	1.000000e-05	8.641335e-01	8.493266e-01	8.495653e-01
26	COG2001	81	0	1	2	0.466	6.001015e-03	2.004094e-02	3.706177e+01	1.000000e-05	1.000000e-05	7.649806e-01	7.399637e-01	7.404162e-01
26	COG2002	82	0	1	2	0.417	2.085602e-03	2.629500e-02	3.701055e+01	1.000000e-05	1.000000e-05	9.368772e-01	9.299358e-01	9.300425e-01
26	COG2003	83	0	1	2	0.343	-2.604407e-03	2.264822e-02	3.701481e+01	1.000000e-05	1.000000e-05	9.085890e-01	8.985640e-01	8.987203e-01
26	COG2004	84	0	1	2	0.338	1.774378e-02	2.259100e-02	3.738505e+01	1.000000e-05	1.000000e-05	4.333175e-01	3.843554e-01	3.860509e-01
26	COG2005	85	0	1	2	0.338	1.774378e-02	2.259100e-02	3.738505e+01	1.000000e-05	1.000000e-05	4.333175e-01	3.843554e-01	3.860509e-01
26	COG2006	86	0	1	2	0.338	-2.604407e-03	2.264822e-02	3.701481e+01	1.000000e-05	1.000000e-05	9.085890e-01	8.985640e-01	8.987203e-01
26	COG2007	87	0	1	2	0.333	2.534094e-03	2.302824e-02	3.701413e+01	1.000000e-05	1.000000e-05	9.125083e-01	9.029090e-01	9.030583e-01
26	COG2008	88	0	1	2	0.333	2.534094e-03	2.302824e-02	3.701413e+01	1.000000e-05	1.000000e-05	9.125083e-01	9.029090e-01	9.030583e-01
26	COG2009	89	0	1	2	0.333	2.534094e-03	2.302824e-02	3.701413e+01	1.000000e-05	1.000000e-05	9.125083e-01	9.029090e-01	9.030583e-01
26	COG2010	90	0	1	2	0.333	2.534094e-03	2.302824e-02	3.701413e+01	1.000000e-05	1.000000e-05	9.125083e-01	9.029090e-01	9.030583e-01
26	COG2011	91	0	1	2	0.333	2.534094e-03	2.302824e-02	3.701413e+01	1.000000e-05	1.000000e-05	9.125083e-01	9.029090e-01	9.030583e-01
26	COG2012	92	0	1	2	0.333	2.534094e-03	2.302824e-02	3.701413e+01	1.000000e-05	1.000000e-05	9.125083e-01	9.029090e-01	9.030583e-01
26	COG2013	93	0	1	2	0.333	2.534094e-03	2.302824e-02	3.701413e+01	1.000000e-05	1.000000e-05	9.125083e-01	9.029090e-01	9.030583e-01
26	COG2014	94	0	1	2	0.333	2.534094e-03	2.302824e-02	3.701413e+01	1.000000e-05	1.000000e-05	9.125083e-01	9.029090e-01	9.030583e-01
26	COG2015	95	0	1	2	0.333	2.534094e-03	2.302824e-02	3.701413e+01	1.000000e-05	1.000000e-05	9.125083e-01	9.029090e-01	9.030583e-01
26	COG2016	96	0	1	2	0.333	2.534094e-03	2.302824e-02	3.701413e+01	1.000000e-05	1.000000e-05	9.125083e-01	9.029090e-01	9.030583e-01
26	COG2017	97	0	1	2	0.333	2.534094e-03	2.302824e-02	3.701413e+01	1.000000e-05	1.000000e-05	9.125083e-01	9.029090e-01	9.030583e-01
26	COG2018	98	0	1	2	0.333	2.534094e-03	2.302824e-02	3.701413e+01	1.000000e-05	1.000000e-05	9.125083e-01	9.029090e-01	9.030583e-01
26	COG2019	99	0	1	2	0.333	2.534094e-03	2.302824e-02	3.701413e+01	1.000000e-05	1.000000e-05	9.125083e-01	9.029090e-01	9.030583e-01
26	COG2020	100	0	1	2	0.333	2.534094e-03	2.302824e-02	3.701413e+01	1.000000e-05	1.000000e-05	9.125083e-01	9.029090e-01	9.030583e-01
26	COG2021	101	0	1	2	0.333	2.534094e-03	2.302824e-02	3.701413e+01	1.000000e-05	1.000000e-05	9.125083e-01	9.029090e-01	9.030583e-01
26	COG2022	102	0	1	2	0.333	2.534094e-03	2.302824e-02	3.701413e+01	1.000000e-05	1.000000e-05	9.125083e-01	9.029090e-01	9.030583e-01
26	COG2023	103	0	1	2	0.333	2.534094e-03	2.302824e-02	3.701413e+01	1.000000e-05	1.000000e-05	9.125083e-01	9.029090e-01	9.030583e-01
26	COG2024	104	0	1	2	0.333	2.534094e-03	2.302824e-02	3.701413e+01	1.000000e-05	1.000000e-05	9.125083e-01	9.029090e-01	9.030583e-01
26	COG2025	105	0	1	2	0.328	4.991624e-03	2.249933e-02	3.703693e+01	1.000000e-05	1.000000e-05	8.246982e-01	8.057410e-01	8.060589e-01
26	COG2026	106	0	1	2	0.328	7.095559e-03	1.896846e-02	3.709263e+01	1.000000e-05	1.000000e-05	7.088285e-01	6.784384e-01	6.790375e-01
26	COG2027	107	0	1	2	0.319	1.602554e-02	1.978508e-02	3.740902e+01	1.000000e-05	1.000000e-05	4.191108e-01	3.697025e-01	3.714720e-01
26	COG2028	108	0	1	2	0.319	-1.040022e-02	1.908667e-02	3.718896e+01	1.000000e-05	1.000000e-05	5.865574e-01	5.459893e-01	5.469924e-01
26	COG2029	109	0	1	2	0.314	-1.173028e-02	1.920456e-02	3.723568e+01	1.000000e-05	1.000000e-05	5.421627e-01	4.985715e-01	4.997537e-01
26	COG2030	110	0	1	2	0.309	-1.404022e-02	1.972853e-02	3.731742e+01	1.000000e-05	1.000000e-05	4.776678e-01	4.305025e-01	4.319769e-01
26	COG2031	111	0	1	2	0.309	-3.591264e-02	1.918383e-02	3.913763e+01	1.000000e-05	1.000000e-05	6.296189e-02	3.897663e-02	4.157346e-02
26	COG2032	112	0	1	2	0.304	-1.070460e-02	1.950830e-02	3.719153e+01	1.000000e-05	1.000000e-05	5.839346e-01	5.431765e-01	5.441897e-01
26	COG2033	113	0	1	2	0.299	2.975509e-02	1.910747e-02	3.848598e+01	1.000000e-05	1.000000e-05	1.213158e-01	8.542227e-02	8.842504e-02
26	COG2034	114	0	1	2	0.299	7.805507e-03	2.179502e-02	3.708547e+01	1.000000e-05	1.000000e-05	7.206990e-01	6.914142e-01	6.919805e-01
26	COG2035	115	0	1	2	0.294	-1.818850e-02	1.975414e-02	3.752628e+01	1.000000e-05	1.000000e-05	3.585203e-01	3.080109e-01	3.101083e-01
26	COG2036	116	0	1	2	0.284	-2.103538e-02	2.007414e-02	3.767918e+01	1.000000e-05	1.000000e-05	2.962152e-01	2.461574e-01	2.485989e-01
26	COG2037	117	0	1	2	0.279	-8.505348e-04	2.698814e-02	3.700730e+01	1.000000e-05	1.000000e-05	9.748966e-01	9.721304e-01	9.721724e-01
26	COG2038	118	0	1	2	0.275	1.439091e-02	2.178633e-02	3.727444e+01	1.000000e-05	1.000000e-05	5.098180e-01	4.643032e-01	4.656273e-01
26	COG2039	119	0	1	2	0.270	-3.787511e-03	2.025505e-02	3.702817e+01	1.000000e-05	1.000000e-05	8.518961e-01	8.357907e-01	8.360532e-01
26	COG2040	120	0	1	2	0.270	-2.010419e-02	2.056816e-02	3.759205e+01	1.000000e-05	1.000000e-05	3.297725e-01	2.792509e-01	2.815076e-01
26	COG2041	121	0	1	2	0.265	-3.881908e-02	2.071868e-02	3.914124e+01	1.000000e-05	1.000000e-05	6.273954e-02	3.881156e-02	4.140526e-02
26	COG2042	122	0	1	2	0.265	1.189163e-02	2.071823e-02	3.720892e+01	1.000000e-05	1.000000e-05	5.667654e-01	5.247981e-01	5.258788e-01
26	COG2043	123	0	1	2	0.265	-4.033827e-02	2.860058e-02	3.822172e+01	1.000000e-05	1.000000e-05	1.602926e-01	1.190280e-01	1.220327e-01
26	COG2044	124	0	1	2	0.250	-6.833049e-03	2.084429e-02	3.707270e+01	1.000000e-05	1.000000e-05	7.434654e-01	7.163478e-01	7.168539e-01
26	COG2045	125	0	1	2	0.250	-2.861104e-02	2.004365e-02	3.825107e+01	1.000000e-05	1.000000e-05	1.553325e-01	1.146617e-01	1.176732e-01
26	COG2046	126	0	1	2	0.245	1.099311e-02	2.474872e-02	3.712785e+01	1.000000e-05	1.000000e-05	6.574844e-01	6.225313e-01	6.232848e-01
26	COG2047	127	0	1	2	0.245	1.397568e-02	2.337707e-02	3.722607e+01	1.000000e-05	1.000000e-05	5.507633e-01	5.077246e-01	5.088707e-01
26	COG2048	128	0	1	2	0.245	1.099311e-02	2.474872e-02	3.712785e+01	1.000000e-05	1.000000e-05	6.574844e-01	6.225313e-01	6.232848e-01
26	COG2049	129	0	1	2	0.240	1.371920e-02	2.439664e-02	3.720081e+01	1.000000e-05	1.000000e-05	5.746431e-01	5.332231e-01	5.342725e-01
26	COG2050	130	0	1	2	0.240	1.371920e-02	2.439664e-02	3.720081e+01	1.000000e-05	1.000000e-05	5.746431e-01	5.332231e-01	5.342725e-01
26	COG2051	131	0	1	2	0.240	1.371920e-02	2.439664e-02	3.720081e+01	1.000000e-05	1.000000e-05	5.746431e-01	5.332231e-01	5.342725e-01
26	COG2052	132	0	1	2	0.240	1.371920e-02	2.439664e-02	3.720081e+01	1.000000e-05	1.000000e-05	5.746431e-01	5.332231e-01	5.342725e-01
26	COG2053	133	0	1	2	0.240	1.371920e-02	2.439664e-02	3.720081e+01	1.000000e-05	1.000000e-05	5.746431e-01	5.332231e-01	5.342725e-01
26	COG2054	134	0	1	2	0.240	1.371920e-02	2.439664e-02	3.720081e+01	1.000000e-05	1.000000e-05	5.746431e-01	5.332231e-01	5.342725e-01
26	COG2055	135	0	1	2	0.235	1.174913e-02	2.421895e-02	3.715119e+01	1.000000e-05	1.000000e-05	6.282297e-01	5.908545e-01	5.917056e-01
26	COG2056	136	0	1	2	0.230	1.042743e-02	2.535599e-02	3.711055e+01	1.000000e-05	1.000000e-05	6.814261e-01	6.485543e-01	6.492332e-01
26	COG2057	137	0	1	2	0.225	-1.419618e-02	2.457394e-02	3.721154e+01	1.000000e-05	1.000000e-05	5.642545e-01	5.221154e-01	5.232062e-01
26	COG2058	138	0	1	2	0.216	3.709082e-02	2.132745e-02	3.884839e+01	1.000000e-05	1.000000e-05	8.386892e-02	5.495628e-02	5.778093e-02
26	COG2059	139	0	1	2	0.211	2.672170e-02	2.170695e-02	3.793362e+01	1.000000e-05	1.000000e-05	2.200565e-01	1.733347e-01	1.761549e-01
26	COG2060	140	0	1	2	0.206	8.672014e-03	2.317567e-02	3.709269e+01	1.000000e-05	1.000000e-05	7.087434e-01	6.783453e-01	6.789447e-01
26	COG2061	141	0	1	2	0.206	1.283152e-02	2.205016e-02	3.721455e+01	1.000000e-05	1.000000e-05	5.614073e-01	5.190751e-01	5.201775e-01
26	COG2062	142	0	1	2	0.206	1.283152e-02	2.205016e-02	3.721455e+01	1.000000e-05	1.000000e-05	5.614073e-01	5.190751e-01	5.201775e-01
26	COG2063	143	0	1	2	0.206	1.283152e-02	2.205016e-02	3.721455e+01	1.000000e-05	1.000000e-05	5.614073e-01	5.190751e-01	5.201775e-01
26	COG2064	144	0	1	2	0.206	1.283152e-02	2.205016e-02	3.721455e+01	1.000000e-05	1.000000e-05	5.614073e-01	5.190751e-01	5.201775e-01
26	COG2065	145	0	1	2	0.206	1.283152e-02	2.205016e-02	3.721455e+01	1.000000e-05	1.000000e-05	5.614073e-01	5.190751e-01	5.201775e-01
26	COG2066	146	0	1	2	0.206	1.283152e-02	2.205016e-02	3.721455e+01	1.000000e-05	1.000000e-05	5.614073e-01	5.190751e-01	5.201775e-01
26	COG2067	147	0	1	2	0.206	1.283152e-02	2.205016e-02	3.721455e+01	1.000000e-05	1.000000e-05	5.614073e-01	5.190751e-01	5.201775e-01
26	COG2068	148	0	1	2	0.206	1.283152e-02	2.205016e-02	3.721455e+01	1.000000e-05	1.000000e-05	5.614073e-01	5.190751e-01	5.201775e-01
26	COG2069	149	0	1	2	0.206	1.283152e-02	2.205016e-02	3.721455e+01	1.000000e-05	1.000000e-05	5.614073e-01	5.190751e-01	5.201775e-01
26	COG2070	150	0	1	2	0.206	1.283152e-02	2.205016e-02	3.721455e+01	1.000000e-05	1.000000e-05	5.614073e-01	5.190751e-01	5.201775e-01
26	COG2071	151	0	1	2	0.206	1.283152e-02	2.205016e-02	3.721455e+01	1.000000e-05	1.000000e-05	5.614073e-01	5.190751e-01	5.201775e-01
26	COG2072	152	0	1	2	0.206	1.283152e-02	2.205016e-02	3.721455e+01	1.000000e-05	1.000000e-05	5.614073e-01	5.190751e-01	5.201775e-01
26	COG2073	153	0	1	2	0.206	1.283152e-02	2.205016e-02	3.721455e+01	1.000000e-05	1.000000e-05	5.614073e-01	5.190751e-01	5.201775e-01
26	COG2074	154	0	1	2	0.206	1.283152e-02	2.205016e-02	3.721455e+01	1.000000e-05	1.000000e-05	5.614073e-01	5.190751e-01	5.201775e-01
26	COG2075	155	0	1	2	0.206	1.283152e-02	2.205016e-02	3.721455e+01	1.000000e-05	1.000000e-05	5.614073e-01	5.190751e-01	5.201775e-01
26	COG2076	156	0	1	2	0.206	1.283152e-02	2.205016e-02	3.721455e+01	1.000000e-05	1.000000e-05	5.614073e-01	5.190751e-01	5.201775e-01
26	COG2077	157	0	1	2	0.206	1.283152e-02	2.205016e-02	3.721455e+01	1.000000e-05	1.000000e-05	5.614073e-01	5.190751e-01	5.201775e-01
26	COG2078	158	0	1	2	0.206	1.283152e-02	2.205016e-02	3.721455e+01	1.000000e-05	1.000000e-05	5.614073e-01	5.190751e-01	5.201775e-01
26	COG2079	159	0	1	2	0.206	1.283152e-02	2.205016e-02	3.721455e+01	1.000000e-05	1.000000e-05	5.614073e-01	5.190751e-01	5.201775e-01
26	COG2080	160	0	1	2	0.206	1.283152e-02	2.205016e-02	3.721455e+01	1.000000e-05	1.000000e-05	5.614073e-01	5.190751e-01	5.201775e-01
26	COG2081	161	0	1	2	0.206	1.283152e-02	2.205016e-02	3.721455e+01	1.000000e-05	1.000000e-05	5.614073e-01	5.190751e-01	5.201775e-01
26	COG2082	162	0	1	2	0.206	1.283152e-02	2.205016e-02	3.721455e+01	1.000000e-05	1.000000e-05	5.614073e-01	5.190751e-01	5.201775e-01
26	COG2083	163	0	1	2	0.206	1.283152e-02	2.205016e-02	3.721455e+01	1.000000e-05	1.000000e-05	5.614073e-01	5.190751e-01	5.201775e-01
26	COG2084	164	0	1	2	0.206	1.283152e-02	2.205016e-02	3.721455e+01	1.000000e-05	1.000000e-05	5.614073e-01	5.190751e-01	5.201775e-01
26	COG2085	165	0	1	2	0.206	1.283152e-02	2.205016e-02	3.721455e+01	1.000000e-05	1.000000e-05	5.614073e-01	5.190751e-01	5.201775e-01
26	COG2086	166	0	1	2	0.206	1.283152e-02	2.205016e-02	3.721455e+01	1.000000e-05	1.000000e-05	5.614073e-01	5.190751e-01	5.201775e-01
26	COG2087	167	0	1	2	0.206	1.283152e-02	2.205016e-02	3.721455e+01	1.000000e-05	1.000000e-05	5.614073e-01	5.190751e-01	5.201775e-01
26	COG2088	168	0	1	2	0.201	1.283152e-02	2.205016e-02	3.721455e+01	1.000000e-05	1.000000e-05	5.614073e-01	5.190751e-01	5.201775e-01
26	COG2089	169	0	1	2	0.201	1.283152e-02	2.205016e-02	3.721455e+01	1.000000e-05	1.000000e-05	5.614073e-01	5.190751e-01	5.201775e-01
26	COG2090	170	0	1	2	0.196	1.541459e-02	2.255183e-02	3.729336e+01	1.000000e-05	1.000000e-05	4.952323e-01	4.489348e-01	4.503260e-01
26	COG2091	171	0	1	2	0.196	1.541459e-02	2.255183e-02	3.729336e+01	1.000000e-05	1.000000e-05	4.952323e-01	4.489348e-01	4.503260e-01
26	COG2092	172	0	1	2	0.196	1.430968e-02	2.278889e-02	3.724867e+01	1.000000e-05	1.000000e-05	5.309169e-01	4.866286e-01	4.878591e-01
26	COG2093	173	0	1	2	0.196	1.430968e-02	2.278889e-02	3.724867e+01	1.000000e-05	1.000000e-05	5.309169e-01	4.866286e-01	4.878591e-01
26	COG2094	174	0	1	2	0.196	1.430968e-02	2.278889e-02	3.724867e+01	1.000000e-05	1.000000e-05	5.309169e-01	4.866286e-01	4.878591e-01
26	COG2095	175	0	1	2	0.196	1.541459e-02	2.255183e-02	3.729336e+01	1.000000e-05	1.000000e-05	4.952323e-01	4.489348e-01	4.503260e-01
26	COG2096	176	0	1	2	0.196	1.541459e-02	2.255183e-02	3.729336e+01	1.000000e-05	1.000000e-05	4.952323e-01	4.489348e-01	4.503260e-01
26	COG2097	177	0	1	2	0.191	1.302144e-02	2.320322e-02	3.720002e+01	1.000000e-05	1.000000e-05	5.754241e-01	5.340591e-01	5.351054e-01
26	COG2098	178	0	1	2	0.191	1.430968e-02	2.278889e-02	3.724867e+01	1.000000e-05	1.000000e-05	5.309169e-01	4.866286e-01	4.878591e-01
26	COG2099	179	0	1	2	0.191	1.302144e-02	2.320322e-02	3.720002e+01	1.000000e-05	1.000000e-05	5.754241e-01	5.340591e-01	5.351054e-01
26	COG2100	180	0	1	2	0.181	1.308484e-02	2.367813e-02	3.719416e+01	1.000000e-05	1.000000e-05	5.812718e-01	5.403223e-01	5.413457e-01
26	COG2101	181	0	1	2	0.181	9.066764e-03	2.342515e-02	3.709870e+01	1.000000e-05	1.000000e-05	6.992131e-01	6.679407e-01	6.685671e-01
26	COG2102	182	0	1	2	0.181	9.066764e-03	2.342515e-02	3.709870e+01	1.000000e-05	1.000000e-05	6.992131e-01	6.679407e-01	6.685671e-01
26	COG2103	183	0	1	2	0.181	9.066764e-03	2.342515e-02	3.709870e+01	1.000000e-05	1.000000e-05	6.992131e-01	6.679407e-01	6.685671e-01
26	COG2104	184	0	1	2	0.181	9.066764e-03	2.342515e-02	3.709870e+01	1.000000e-05	1.000000e-05	6.992131e-01	6.679407e-01	6.685671e-01
26	COG2105	185	0	1	2	0.181	9.066764e-03	2.342515e-02	3.709870e+01	1.000000e-05	1.000000e-05	6.992131e-01	6.679407e-01	6.685671e-01
26	COG2106	186	0	1	2	0.181	9.066764e-03	2.342515e-02	3.709870e+01	1.000000e-05	1.000000e-05	6.992131e-01	6.679407e-01	6.685671e-01
26	COG2107	187	0	1	2	0.181	9.066764e-03	2.342515e-02	3.709870e+01	1.000000e-05	1.000000e-05	6.992131e-01	6.679407e-01	6.685671e-01
26	COG2108	188	0	1	2	0.181	9.066764e-03	2.342515e-02	3.709870e+01	1.000000e-05	1.000000e-05	6.992131e-01	6.679407e-01	6.685671e-01
26	COG2109	189	0	1	2	0.181	9.066764e-03	2.342515e-02	3.709870e+01	1.000000e-05	1.000000e-05	6.992131e-01	6.679407e-01	6.685671e-01
26	COG2110	190	0	1	2	0.181	9.066764e-03	2.342515e-02	3.709870e+01	1.000000e-05	1.000000e-05	6.992131e-01	6.679407e-01	6.685671e-01
26	COG2111	191	0	1	2	0.176	1.308484e-02	2.367813e-02	3.719416e+01	1.000000e-05	1.000000e-05	5.812718e-01	5.403223e-01	5.413457e-01
26	COG2112	192	0	1	2	0.172	9.056515e-03	2.364046e-02	3.709683e+01	1.000000e-05	1.000000e-05	7.021402e-01	6.711352e-01	6.717532e-01
26	COG2113	193	0	1	2	0.172	1.044626e-02	2.430803e-02	3.712010e+01	1.000000e-05	1.000000e-05	6.679382e-01	6.338834e-01	6.346037e-01
26	COG2114	194	0	1	2	0.162	1.002604e-02	2.774321e-02	3.708691e+01	1.000000e-05	1.000000e-05	7.182697e-01	6.887573e-01	6.893302e-01
26	COG2115	195	0	1	2	0.157	1.153041e-02	3.501549e-02	3.707330e+01	1.000000e-05	1.000000e-05	7.423481e-01	7.151227e-01	7.156317e-01
26	COG2116	196	0	1	2	0.152	2.926257e-03	3.111160e-02	3.701212e+01	1.000000e-05	1.000000e-05	9.251775e-01	9.169578e-01	9.170847e-01
26	COG2117	197	0	1	2	0.152	1.320517e-02	2.481162e-02	3.718059e+01	1.000000e-05	1.000000e-05	5.952872e-01	5.553612e-01	5.563311e-01
26	COG2118	198	0	1	2	0.147	-2.385336e-04	2.537434e-02	3.700674e+01	1.000000e-05	1.000000e-05	9.925108e-01	9.916853e-01	9.916978e-01
26	COG2119	199	0	1	2	0.127	2.429764e-02	2.770555e-02	3.747819e+01	1.000000e-05	1.000000e-05	3.817565e-01	3.315070e-01	3.334767e-01
26	COG2120	200	0	1	2	0.127	2.429764e-02	2.770555e-02	3.747819e+01	1.000000e-05	1.000000e-05	3.817565e-01	3.315070e-01	3.334767e-01
26	COG2121	201	0	1	2	0.127	2.429764e-02	2.770555e-02	3.747819e+01	1.000000e-05	1.000000e-05	3.817565e-01	3.315070e-01	3.334767e-01
26	COG2122	202	0	1	2	0.127	2.429764e-02	2.770555e-02	3.747819e+01	1.000000e-05	1.000000e-05	3.817565e-01	3.315070e-01	3.334767e-01
26	COG2123	203	0	1	2	0.127	2.429764e-02	2.770555e-02	3.747819e+01	1.000000e-05	1.000000e-05	3.817565e-01	3.315070e-01	3.334767e-01
26	COG2124	204	0	1	2	0.127	2.429764e-02	2.770555e-02	3.747819e+01	1.000000e-05	1.000000e-05	3.817565e-01	3.315070e-01	3.334767e-01
26	COG2125	205	0	1	2	0.127	2.429764e-02	2.770555e-02	3.747819e+01	1.000000e-05	1.000000e-05	3.817565e-01	3.315070e-01	3.334767e-01
26	COG2126	206	0	1	2	0.127	2.429764e-02	2.770555e-02	3.747819e+01	1.000000e-05	1.000000e-05	3.817565e-01	3.315070e-01	3.334767e-01
26	COG2127	207	0	1	2	0.127	2.429764e-02	2.770555e-02	3.747819e+01	1.000000e-05	1.000000e-05	3.817565e-01	3.315070e-01	3.334767e-01
26	COG2128	208	0	1	2	0.127	2.429764e-02	2.770555e-02	3.747819e+01	1.000000e-05	1.000000e-05	3.817565e-01	3.315070e-01	3.334767e-01
26	COG2129	209	0	1	2	0.127	2.429764e-02	2.770555e-02	3.747819e+01	1.000000e-05	1.000000e-05	3.817565e-01	3.315070e-01	3.334767e-01
26	COG2130	210	0	1	2	0.127	2.429764e-02	2.770555e-02	3.747819e+01	1.000000e-05	1.000000e-05	3.817565e-01	3.315070e-01	3.334767e-01
26	COG2131	211	0	1	2	0.127	2.429764e-02	2.770555e-02	3.747819e+01	1.000000e-05	1.000000e-05	3.817565e-01	3.315070e-01	3.334767e-01
26	COG2132	212	0	1	2	0.127	2.429764e-02	2.770555e-02	3.747819e+01	1.000000e-05	1.000000e-05	3.817565e-01	3.315070e-01	3.334767e-01
26	COG2133	213	0	1	2	0.123	2.429764e-02	2.770555e-02	3.747819e+01	1.000000e-05	1.000000e-05	3.817565e-01	3.315070e-01	3.334767e-01
26	COG2134	214	0	1	2	0.123	1.221091e-02	2.798730e-02	3.712359e+01	1.000000e-05	1.000000e-05	6.631846e-01	6.287192e-01	6.294545e-01
26	COG2135	215	0	1	2	0.123	8.585386e-03	2.721501e-02	3.706782e+01	1.000000e-05	1.000000e-05	7.528048e-01	7.265931e-01	7.270755e-01
26	COG2136	216	0	1	2	0.118	1.748163e-02	2.753115e-02	3.725413e+01	1.000000e-05	1.000000e-05	5.263180e-01	4.817531e-01	4.830037e-01
26	COG2137	217	0	1	2	0.118	2.429764e-02	2.770555e-02	3.747819e+01	1.000000e-05	1.000000e-05	3.817565e-01	3.315070e-01	3.334767e-01
26	COG2138	218	0	1	2	0.118	-2.363153e-02	3.046531e-02	3.737573e+01	1.000000e-05	1.000000e-05	4.390379e-01	3.902738e-01	3.919400e-01
26	COG2139	219	0	1	2	0.118	2.419672e-02	2.918477e-02	3.742819e+01	1.000000e-05	1.000000e-05	4.082455e-01	3.585415e-01	3.603685e-01
26	COG2140	220	0	1	2	0.113	2.171243e-02	2.830198e-02	3.736769e+01	1.000000e-05	1.000000e-05	4.440703e-01	3.954891e-01	3.971296e-01
26	COG2141	221	0	1	2	0.113	2.525211e-02	2.902856e-02	3.747061e+01	1.000000e-05	1.000000e-05	3.856079e-01	3.354217e-01	3.373705e-01
26	COG2142	222	0	1	2	0.108	2.525211e-02	2.902856e-02	3.747061e+01	1.000000e-05	1.000000e-05	3.856079e-01	3.354217e-01	3.373705e-01
26	COG2143	223	0	1	2	0.108	2.286129e-02	3.015482e-02	3.735925e+01	1.000000e-05	1.000000e-05	4.494477e-01	4.010705e-01	4.026839e-01
26	COG2144	224	0	1	2	0.108	2.525211e-02	2.902856e-02	3.747061e+01	1.000000e-05	1.000000e-05	3.856079e-01	3.354217e-01	3.373705e-01
26	COG2145	225	0	1	2	0.103	2.046325e-02	3.168595e-02	3.726264e+01	1.000000e-05	1.000000e-05	5.192912e-01	4.743137e-01	4.755952e-01
26	COG2146	226	0	1	2	0.103	1.159052e-02	2.925276e-02	3.710311e+01	1.000000e-05	1.000000e-05	6.924519e-01	6.605665e-01	6.612126e-01
26	COG2147	227	0	1	2	0.103	1.159052e-02	2.925276e-02	3.710311e+01	1.000000e-05	1.000000e-05	6.924519e-01	6.605665e-01	6.612126e-01
26	COG2148	228	0	1	2	0.098	2.539353e-02	3.082615e-02	3.742280e+01	1.000000e-05	1.000000e-05	4.112544e-01	3.616283e-01	3.634393e-01
26	COG2149	229	0	1	2	0.098	2.070773e-02	3.100964e-02	3.728033e+01	1.000000e-05	1.000000e-05	5.051991e-01	4.594306e-01	4.607757e-01
26	COG2150	230	0	1	2	0.098	-2.011804e-02	2.998793e-02	3.728286e+01	1.000000e-05	1.000000e-05	5.032349e-01	4.573601e-01	4.587142e-01
26	COG2151	231	0	1	2	0.098	-4.333393e-03	2.996710e-02	3.701954e+01	1.000000e-05	1.000000e-05	8.851981e-01	8.726455e-01	8.728444e-01
26	COG2152	232	0	1	2	0.093	3.522829e-02	3.241109e-02	3.773004e+01	1.000000e-05	1.000000e-05	2.786475e-01	2.290589e-01	2.315947e-01
26	COG2153	233	0	1	2	0.088	-1.757940e-02	3.049146e-02	3.721073e+01	1.000000e-05	1.000000e-05	5.650343e-01	5.229484e-01	5.240361e-01
26	COG2154	234	0	1	2	0.088	3.644303e-02	3.173340e-02	3.781386e+01	1.000000e-05	1.000000e-05	2.524504e-01	2.038810e-01	2.065513e-01
26	COG2155	235	0	1	2	0.088	-1.296778e-02	3.138869e-02	3.711151e+01	1.000000e-05	1.000000e-05	6.800407e-01	6.470462e-01	6.477293e-01
26	COG2156	236	0	1	2	0.088	-1.296778e-02	3.138869e-02	3.711151e+01	1.000000e-05	1.000000e-05	6.800407e-01	6.470462e-01	6.477293e-01
26	COG2157	237	0	1	2	0.083	-1.379454e-02	3.171207e-02	3.712289e+01	1.000000e-05	1.000000e-05	6.641323e-01	6.297485e-01	6.304808e-01
26	COG2158	238	0	1	2	0.083	-1.379454e-02	3.171207e-02	3.712289e+01	1.000000e-05	1.000000e-05	6.641323e-01	6.297485e-01	6.304808e-01
26	COG2159	239	0	1	2	0.078	-2.290602e-02	3.274866e-02	3.730686e+01	1.000000e-05	1.000000e-05	4.852504e-01	4.384495e-01	4.398875e-01
26	COG2160	240	0	1	2	0.078	4.410199e-02	3.328564e-02	3.807971e+01	1.000000e-05	1.000000e-05	1.870068e-01	1.429379e-01	1.458801e-01
26	COG2161	241	0	1	2	0.078	2.291492e-02	3.107472e-02	3.734027e+01	1.000000e-05	1.000000e-05	4.619119e-01	4.140414e-01	4.155925e-01
26	COG2162	242	0	1	2	0.074	2.890687e-03	3.496558e-02	3.701089e+01	1.000000e-05	1.000000e-05	9.342117e-01	9.269787e-01	9.270900e-01
26	COG2163	243	0	1	2	0.074	-3.777895e-02	3.358641e-02	3.778118e+01	1.000000e-05	1.000000e-05	2.622855e-01	2.132866e-01	2.159074e-01
26	COG2164	244	0	1	2	0.069	9.285690e-02	3.625402e-02	4.096003e+01	1.000000e-05	1.000000e-05	1.131866e-02	4.925230e-03	5.977727e-03
26	COG2165	245	0	1	2	0.069	-9.711167e-03	3.539893e-02	3.705292e+01	1.000000e-05	1.000000e-05	7.841682e-01	7.610641e-01	7.614712e-01
26	COG2166	246	0	1	2	0.064	-4.801212e-02	3.534297e-02	3.813437e+01	1.000000e-05	1.000000e-05	1.761600e-01	1.331530e-01	1.361252e-01
26	COG2167	247	0	1	2	0.064	1.035211e-01	3.774227e-02	4.152767e+01	1.000000e-05	1.000000e-05	6.760078e-03	2.638511e-03	3.378026e-03
26	COG2168	248	0	1	2	0.064	-3.777895e-02	3.358641e-02	3.778118e+01	1.000000e-05	1.000000e-05	2.622855e-01	2.132866e-01	2.159074e-01
26	COG2169	249	0	1	2	0.064	1.035211e-01	3.774227e-02	4.152767e+01	1.000000e-05	1.000000e-05	6.760078e-03	2.638511e-03	3.378026e-03
26	COG2170	250	0	1	2	0.064	1.035211e-01	3.774227e-02	4.152767e+01	1.000000e-05	1.000000e-05	6.760078e-03	2.638511e-03	3.378026e-03
26	COG2171	251	0	1	2	0.064	1.035211e-01	3.774227e-02	4.152767e+01	1.000000e-05	1.000000e-05	6.760078e-03	2.638511e-03	3.378026e-03
26	COG2172	252	0	1	2	0.064	1.035211e-01	3.774227e-02	4.152767e+01	1.000000e-05	1.000000e-05	6.760078e-03	2.638511e-03	3.378026e-03
26	COG2173	253	0	1	2	0.064	1.035211e-01	3.774227e-02	4.152767e+01	1.000000e-05	1.000000e-05	6.760078e-03	2.638511e-03	3.378026e-03
26	COG2174	254	0	1	2	0.064	1.035211e-01	3.774227e-02	4.152767e+01	1.000000e-05	1.000000e-05	6.760078e-03	2.638511e-03	3.378026e-03
26	COG2175	255	0	1	2	0.064	1.035211e-01	3.774227e-02	4.152767e+01	1.000000e-05	1.000000e-05	6.760078e-03	2.638511e-03	3.378026e-03
26	COG2176	256	0	1	2	0.064	-2.855233e-03	3.978224e-02	3.700985e+01	1.000000e-05	1.000000e-05	9.428701e-01	9.365850e-01	9.366813e-01
26	COG2177	257	0	1	2	0.064	1.035211e-01	3.774227e-02	4.152767e+01	1.000000e-05	1.000000e-05	6.760078e-03	2.638511e-03	3.378026e-03
26	COG2178	258	0	1	2	0.064	1.035211e-01	3.774227e-02	4.152767e+01	1.000000e-05	1.000000e-05	6.760078e-03	2.638511e-03	3.378026e-03
26	COG2179	259	0	1	2	0.064	1.035211e-01	3.774227e-02	4.152767e+01	1.000000e-05	1.000000e-05	6.760078e-03	2.638511e-03	3.378026e-03
26	COG2180	260	0	1	2	0.059	1.035211e-01	3.774227e-02	4.152767e+01	1.000000e-05	1.000000e-05	6.760078e-03	2.638511e-03	3.378026e-03
26	COG2181	261	0	1	2	0.059	1.078929e-01	3.995362e-02	4.139196e+01	1.000000e-05	1.000000e-05	7.642350e-03	3.061349e-03	3.867501e-03
26	COG2182	262	0	1	2	0.059	1.078929e-01	3.995362e-02	4.139196e+01	1.000000e-05	1.000000e-05	7.642350e-03	3.061349e-03	3.867501e-03
26	COG2183	263	0	1	2	0.059	5.301927e-02	3.962435e-02	3.810091e+01	1.000000e-05	1.000000e-05	1.827109e-01	1.390505e-01	1.420053e-01
26	COG2184	264	0	1	2	0.054	1.035211e-01	3.774227e-02	4.152767e+01	1.000000e-05	1.000000e-05	6.760078e-03	2.638511e-03	3.378026e-03
26	COG2185	265	0	1	2	0.054	1.151841e-01	4.112740e-02	4.171592e+01	1.000000e-05	1.000000e-05	5.705344e-03	2.148105e-03	2.803073e-03
26	COG2186	266	0	1	2	0.054	1.035211e-01	3.774227e-02	4.152767e+01	1.000000e-05	1.000000e-05	6.760078e-03	2.638511e-03	3.378026e-03
26	COG2187	267	0	1	2	0.054	1.236666e-01	4.210685e-02	4.217377e+01	1.000000e-05	1.000000e-05	3.785420e-03	1.305908e-03	1.789831e-03
26	COG2188	268	0	1	2	0.054	-5.990396e-02	3.857000e-02	3.847821e+01	1.000000e-05	1.000000e-05	1.222982e-01	8.624784e-02	8.925250e-02
26	COG2189	269	0	1	2	0.054	1.035211e-01	3.774227e-02	4.152767e+01	1.000000e-05	1.000000e-05	6.760078e-03	2.638511e-03	3.378026e-03
26	COG2190	270	0	1	2	0.054	1.035211e-01	3.774227e-02	4.152767e+01	1.000000e-05	1.000000e-05	6.760078e-03	2.638511e-03	3.378026e-03
26	COG2191	271	0	1	2	0.054	1.151841e-01	4.112740e-02	4.171592e+01	1.000000e-05	1.000000e-05	5.705344e-03	2.148105e-03	2.803073e-03
26	COG2192	272	0	1	2	0.054	-5.990396e-02	3.857000e-02	3.847821e+01	1.000000e-05	1.000000e-05	1.222982e-01	8.624784e-02	8.925250e-02
